1,2,3,5,7,9,11,13,15,17,19,21,23,25,27,29,31,33,35,37,39,41,43,45,47,49,51,53,55,57,59,61,63
1,3,4,6,8,10,12,14,16,18,20,22,24,26,28,30,32,34,36,38,40,42,44,46,48,50,52,54,56,58,60,62,64
2,4,5,7,9,11,13,15,17,19,21,23,25,27,29,31,33,35,37,39,41,43,45,47,49,51,53,55,57,59,61,63
1,2,3,4,5,6,7,8,9,10,11,12,13,14,15,16,17,18,19,20,21,22,23,24,25,26,27,28,29,30,31,32,33
1,2,3,5,6,8,9,10,12,14,15,17,19,20,22,24,25,27,28,30,32,33,35,36,38,40,41,43,44,46,48,49,51,52,54,56,57,59,60,62,63
2,3,4,5,7,9,10,11,13,14,16,18,19,21,23,24,26,28,29,31,33,34,36,37,39,41,42,44,45,47,49,50,52,53,55,57,58,60,61,63,64
1,2,4,6,7,8,10,11,12,14,16,17,19,21,22,24,26,27,29,31,32,34,36,37,39,41,42,44,46,47,49,51,52,54,56,57,59,61,62,64
3,5,6,7,9,11,12,13,15,17,18,20,22,23,25,27,28,30,32,33,35,37,38,40,42,43,45,47,48,50,52,53,55,57,58,60,62,63
1,2,3,4,5,6,7,8,9,10,15,16,17,18,19,20,25,26,27,28,29,30,35,36,37,38,39,40,45,46,47,48,49,50,55,56,57,58,59,60
2,4,6,8,10,12,14,16,18,20,22,24,26,28,30,32,34,36,38,40,42,44,46,48,50,52,54,56,58,60,62,64
